FT  ID  AT  WT  ST
2   3   1   0   1
-2147483645   15   3   0   -2147483648
6   9   2   0   4
8   14   3   0   5
8   1   1   0   7
9   7   1   0   8
10   11   2   4   4
16   13   3   0   13
16   5   1   0   15
18   18   4   4   10
19   10   2   0   17
20   4   1   0   19
21   35   15   5   1
22   8   1   0   21
24   26   8   1   15
26   37   15   4   7
26   6   1   0   25
30   34   15   3   12
31   2   1   0   30
41   17   3   26   12
56   33   13   3   40
66   32   12   4   50
66   32   12   4   50
71   25   8   53   10
71   24   8   42   21
78   29   10   55   13
117   30   10   58   49
150   23   8   36   106
153   31   11   60   82
261   22   7   4   250
Orders: 30 [Norm:1, Veg:13, VIP:7]
cooks: 11 [Norm:4, Veg:5, VIP:2, injured:12]
Avg Wait = 12.2, Avg Serv = -7.15828e+07
Urgent orders: 9,  Auto-promoted: 40%