FT  ID  AT  WT  ST
3   3   1   0   2
5   9   2   0   3
8   11   2   3   3
9   5   1   0   8
9   1   1   0   8
10   14   3   0   7
13   13   3   0   10
14   10   2   0   12
14   7   1   0   13
15   8   1   0   14
16   2   1   0   15
17   35   15   1   1
20   18   4   4   12
20   4   1   0   19
21   33   13   0   8
26   15   3   11   12
26   6   1   0   25
39   17   3   22   14
48   37   15   4   29
49   34   15   0   34
51   25   8   32   11
60   24   8   22   30
64   32   12   2   50
65   26   8   1   56
69   29   10   49   10
102   23   8   20   74
118   31   11   60   47
120   30   10   55   55
261   22   7   4   250
Orders: 29 [Norm:2, Veg:13, VIP:11]
cooks: 11 [Norm:4, Veg:5, VIP:2, injured:12]
Avg Wait = 10, Avg Serv = 28.6897
Urgent orders: 3,  Auto-promoted: 30%